smoke2.png
size:4068,1080
filter:Linear,Linear
pma:true
1
bounds:2,44,43,160
rotate:90
10
bounds:1457,425,289,652
11
bounds:1166,416,289,661
12
bounds:695,96,293,683
rotate:90
13
bounds:2,385,299,692
14
bounds:303,385,291,692
15
bounds:2,89,294,691
rotate:90
16
bounds:880,393,284,684
17
bounds:596,391,282,686
18
bounds:3288,51,278,495
19
bounds:3524,548,280,499
rotate:90
2
bounds:1850,2,155,485
rotate:90
3
bounds:1850,2,155,485
rotate:90
20
bounds:2475,14,276,520
21
bounds:2728,559,272,518
22
bounds:2753,39,272,518
23
bounds:3002,559,271,518
24
bounds:3027,53,259,504
25
bounds:3275,576,247,501
26
bounds:3524,830,247,501
rotate:90
27
bounds:3568,302,244,495
rotate:90
28
bounds:3568,62,238,494
rotate:90
29
bounds:1380,13,233,401
30
bounds:1615,22,233,401
4
bounds:2526,557,200,520
5
bounds:2298,536,226,541
6
bounds:2035,456,261,621
7
bounds:1850,159,282,623
rotate:90
8
bounds:1748,443,285,634
9
bounds:1748,443,285,634
